1539963026393306817
1612405554491850752
1661812165949489186
1695073712612016128
1794391433706635264
1800472957451644928
1837455067420807169
1863595862196363264
1872350781686321152
1890156284688605184
1890862310358454272
1892966556826578944
1903485147330330624
1907265408656367616
1922720697391996928
1924437080286908416
1929564394167422976
1933182609758052352
1934377885055246336
1945571482525941760
1946965155851489280
1948789718683955200
1949039904824115201
1953135102281572352
1954813170884947968
1956911708305260544
1958119025436966912
1960604273370390583
1962035079858778112
1967066723779309573
1967102770500300803
1974658352539205632
1977419709311258624
1978667782213693440
1979222157663129606
1979606053672157184
1982882926749429760
1983845535241883648
1984754750529630209
1985280761914896384
1986002260447707136
1989641570526924800
1992038918443974656
1995020278733443076
1995546214062751744
1995856086717661186
1995972934033137664
1996055017711894528
1996203920415473664
1996511612665294848
1997170504713883651
1998046056110821376
2001080221500645376
2001501757478998348
2001987275119538341
2002246425938382848
2002293924224999424
2002723130410700800
2003650158064730620
2004617697326444544
2005518104529645568
2005620980891480567
2006448708175671297
2006505436741038081
2006749920166834176
2006946255709340062
2007661583246471621
2008127774750548155
2008212741434269696
2008359111650312559
2008374617979973865
2008382673639927811
2008486850378293427
2008527825868140545
2008607663853301760
2008770294253842780
2008794302630309945
2008815653424390145
2008816906556653568
2008976966255337666
2009073223758238007
2009214441083019511
2009215763937415243
2009275030161776952
2009326322594795979
2009425516638687431
2009458579305267681
2009462964206882926
2009484351873151176
2009580453083201822
2009623964168098296
2009641248366460928
2009835486144279008
2009840623093006801
2009855866582003777
2009941784965853278
2010004808401580234
2010070395974504565
2010350005870276897
2010440207032823808
2010681413562155183
2010731794820444198
2010733433157505149
2010784341975318837
2010801415007191042
2011073742378549248
2011170447434649774
2011261271946187209
2011304086847832089
2011391737525362912
2011477148935340157
2011559713230766080
2011708873418424581
2011768680279834631
2011785693056679970
2011788910297563310
2011994819124752631
2011997711479017859
2012011717975556167
2012027041580007890
2012132360779923648
2012472188067278848
2012542946848174323
2012703722128744448
2012714937089749208
2012760270775685555
2012894412276473967
2013189624848633963
2013599367308153156
2014410847712620544
2014919869259735040
2015109215736762369
2015296685354721690
2015383108452057585
2015423674061643925
2015451528929464593
2015669061401890816
2015676042460168488
2015689672807297132
2015758548199002294
2015855476609785856
2015862641311219772
2015992913000595614
2016010027560272212
2016030160924156122
2016088197714084320
2016150891678912784
2016201701254951241
2016454047679832064
2016559834456273296
2017116581164454309
2017259594419228875
2017420332458774791
2017491981354864642
2017598696678895882
2017646705513279488
2017669983916982605
2017779938745549081
2017795656379994165
2017930809899192642
2018356991991689611
2018525109041135790
2018707915008618763
2019069034365698163
2019094555501686847
2019364350151234040
2019773851211886665
2019779947020026325
2019847469165896077
2020552376726237184
2021057289785053348
2021462365146116101
2021519254151942239
2021859477130293356
2022187418502217977
2022678738601979904
2022894575040512280
2022996169698545867
2023230471061315992
2023643232845140297
2024088055896801484
2024104039827578910
2024450766874751356
2024707382727889320
2024712387132346673
2025093067787960824
2025163854469341484
2025283986860253292
2025580480175710454
2025793326943986094
2026100670500339830
2026207647968743551
2026229328909148160
2026245669535834112
2026268867887030272
2026285999660397026
2026316195977146728
2026450660540010760
2026459981932109865
2026574551207792783
2026606469840515078
2026654389398896958
2026703924888219706
2026846972351852719
2027040971016351786
2027114611636572306
2027470188644626803
2027645181538025847
2027729036307533900
2027745604600811970
2028077442074566800
2028115571724660920
2028125035433714003
2028276251262423347
2028279420419752307
2028389324677611935
2028469511108829260
2028508328859750704
2028810677301788892
2029006238101680432
2029019321364824452
2029164036588241196
2029206984353087823
2029228739192865157
2029294395384574292
2029369297030807801
2029511617373958144
2029518437496795172
2029563473592504682
2029567508244750343
2030089473577693629
2030420620232561024
2030793768195244295
2030807641187045608
2031017478290071552
2031053123196694930
2031098556120182787
2031334187689718167
2031351325519413248
2031362125055369376
2031377580612542472
2031843569942622631
2032813669936160768
2032819091485110500
2032908105994961090
2033430945877930237
2033793020940980720
2034504032191218115
2034701628281167877
2034704709647564838
2034709218549199327
2035041799136583681
2035582838649827509
2035698642754187264
2035866563677749248
2035918574674665977
2036349613582807040
2036365607827099705
2036534946433736932
2036656563352678474
2036659588259553747
2036867472918286551
2036895445935620096
2037168464801259602
2037231299484676544
2037563217086734336
2037617490201841664
2038000623946514432
2038093061708996622
2038309313274405051
2038644704590328273
2038678161873838496
2038798541687325000
2038942382503129250
2039404183250522151
2039599784173195358
2039602803220591004
2039625508535885876
2039904399993225374
2040510465504158165
2040553750755172616
2040770995657601024
2041048029286084608
2041126427295461679
2041150657659384180
2041163046874382357
2041185290245878092
2041341729702658048
2041366564516368436
2041463539047735472
2041516871133122581
2041535697631457280
2041761330806595879
2041827450943103133
2041840872925606344
2042541082580521244
2042785774245154868
2042898125573197824
2043179565896655237
2043229239374434304
2043272414918771047
2043381172646920237
2043495375395525118
2043677756467319089
2043748561729302884
2043774113605718016
2043791038528331776
2044015650767572992
2044067856737001472
2044357243827580959
2044411171433075106
2044605023557222629
2044854590147883043
2045105124268478650
2045174241474363392
2045337223638515794
2045387100842070500
2045504669401653414
2045554188877524994
2045717144319697140
2045718939163049984
2046072820095176704
2046498264774791514
2046671817775960343
2046844986533056947
2046874479872159744
2046883460812333057
2046924538643107922
2047064581051142166
2047176811369598977
2047227731839184901
2047303787249803449
2047325329052823996
2047406163231145984
2047423024068952489
2047543402674429952
2047554637583249408
2047561489616363520
2047654588657156577
2047729312384901449
2047734579482763265
2047935217231663186
2047991391763243032
2048018776785064328
2048058966547263488
2048088005836173316
2048114730061926699
2048360321379701233
2048419768948928801
2048643867222962518
2048659308645106081
2048725842096976020
2048746995465203876
2048748266293190833
2048748484011204693
2048779320966230339
2048798194348515567
2048849430724608000
2048961908238070178
2048964671852405035
2048967861981594095
2048983944922882536
2049019141093528045
2049022501850915160
2049170428011417600
2049371457973833765
2049383276406824999
2049383941904470264
2049429505157320704
2049452842931630202
2049527944905982314
2049538141993001161
2049802344255172753
2049890997409374295
2049901379653861376
2050076049372004454
2050115370242162830
2050138429699313813
2050188572192595968
2050192220280836166
2050214422510211452
2050456775942611454
2050483594041434112
2050527077112430592
2050848569469612032
2050892241376542864
2050897290039063022
2050899314780848506
2050944419273285698
2050954496474570805
2050959150973383060
2050978947769258338
2051000319078006954
2051026223397269783
2051154281483628699
2051407917879017603
2051429646609404147
2051482525256819193
2051603007109054865
2051642965219819520
2051662947735511338
2051671878608228630
2051687554442031350
2051691169592033488
2051704039868669986
2051840609724637579
2051843491815448576
2051889025229930547
2051898444588220422
2051981667758415984
2051993667372818749
2052315216113766901
2052367763277258759
2052670818912714837
2052795873428381851
2052821282283307008
2052945705296409009
2052949583563784620
2053083712774967737
2053120130864058531
2053123747604033667
2053158175138861411
2053165596980957500
2053310511757062433
2053338653230068166
2053478937380933765
2053700365338714193
2053744797375226105
2054144847787799020
2054219105956495361
2054261589390279056
2054295667485327716
2054553101236080714
2054776108319682606
2054890415091056640
2055248285879902337
2055587676359893079
2055661728185340066
2055877438396071947
2056060219361501319
2056220982747259249
2056342118793113837
2056420428793737339
2056649217364672950
2056668275279343858
2056728372839956512
2056741284023599471
2056987256020472057
2057042160705515627
2057318412175757523
2057349206025847224
2057640381920251905
2057651900254949469
2057876541082894337
2058135780309295177
2058197918759223297
2058253861710864384
2058412283433468385
2058737236380955021
2059528310875730242
2059559200628572420
2059826673076604964
2060154934470045696
2060258847999263000
2060566769744642526
2060617685189197908
2060934136643428668
2061131052970832050
2061316620254134507
2061370516762776013
2061656822423916974
2061659115995435152
2061670764739493905
2061764041115320755
2061845402144457057
2062007295501066675
2062131958336127018
2062361818291740689
2062615265159102464
2062740772391387228
2062962636912992256
2063084329778213111
2063122595629896094
2063129472170426501
2063142316399853964
2063175480099123339
2063210118578331987
2063210857660858640
2063224488494575823
2063258618028609602
2063315006587027548
2063460124409348207
2063477181041508669
2063526419075064292
2063558873697714376
2063560766301798669
2063591414374830080
2063592048150909396
2063600738216116561
2063683494082195810
2063940518749294982
2063972617393238363
2064207510777782352
2064215696913953184
2064276536073551930
2064369190325440868
2064373211874394198
2064412488373043250
2064422178683228483
2064495916321484800
2064549972050403631
2064611861769728184
2064630263200600318
2064637529005985912
2064660281733550305
2064662498301604201
2064666134255907200
2064681889659596920
2064685423147016318
2064713062997745712
2064751874650378335
2064897734398873910
2064898089522282885
2064905529152213394
2064930843282522256
2064944172348662068
2064946524031988094
2064958004672540741
2065077262186373613
2065082511085228234
2065102248770928804
2065211851215183959
2065232313030447132
2065278050582122828
2065308323684270451
2065328496994324566
2065354070261444850
2065386553879490560
2065427112366874734
2065452057981837793
2065652906209284292
2065717040191799367
2065738911943385224
2065778776177344730
2065797841365377531
2065842122742251523
2065909100832329728
2065913792974790953
2066036033880543496
2066065937879703693
2066123559681061020
2066160430914105516
2066173641898008721
2066214316530094465
2066449463774986370
2066543780447281219
2066662985536536959
2066758451779477914
2066761846363942977
2066789638417592739
2066851169205666065
2067526808602542413
2067555672930082955
2067584461177540647
2067745145655804012
2067782533862093136
2067873043553403326
2067893658079068361
2068012753361813692
2068179978676822203
2068215246452621761
2068235370630897802
2068271400591470667
2068273491283988583
2068351521016955098
2068567588989464670
2068716810346860804
2068862425810800877
2068919883078025665
2069058068646674762
2069099746564960670
2069366773518835720
2069375206477701121
2069589898399715328
2069665902304350358
2069714649994629168
2069761205569478953
2069767917424746734
2069770768913703205
2069781855772233854
2069783921974280383
2069792115090149826
2069800541501497657
2069989465876017263
2070067531482882321
2070099696463314960
2070146163378917861
2070150260450570329
2070163245588251017
2070196422126047586
2070349176790192209
2070353255541129306
2070376172534612150
2070383734491426922
2070435024650801413
2070444305475571966
2070446229826253239
2070496111295451443
2070508513663787396
2070526345260785672
2070720175545196554
2070773045795365165
2070801962929701073
2070836871702135111
2070845563244085560
2070888648799600783
2070935589059526831
2071059499692294180
2071082979514822668
2071117068003377177
2071179089969394061
2071407793899540717
2071488588345405695
2071543191220682771
2071561962958311444
2071590415082704989
2071674030998933562
2071700238067273911
2071779087396606433
2071853756484923525
2071855339222253944
2071874962034700434
2071957286969393417
2072144515507400810
2072217699619410058
2072231437684945022
2072245073618592081
2072274553531977855
2072291236153573377
2072294123152044416
2072295474116116974
2072834357304143990
2073043842849530279
2073066567328321783
2073252816152650224
2073275737101172886
2073303285591863507
2073329110059978822
2073408410985361605
2073589668839633280
2073609440037597601
2073628420630524166
2073692804807532622
2073718421586428035
2073769875940786430
2073837209875108253
2073967454288777357
2073970155986538930
2073978266181050368
2073995053392068877
2074101515631919489
2074109926327435393
2074337899366285414
2074354484101407106
2074443186424958997
2074451886577443166
2074535407157653609
2074588948588802183
2074617960115945949
2074703162355929259
2074712585543544832
2074751589714133153
2074761009437286783
2074843144366202880
2074864351282880706
2074886729597854163
2074887121878557113
2075055474861555843
2075156799397728605
2075228788334747658
2075263017210593454
2075270919745052672
2075310936076812614
2075318334720184713
2075327796885471627
2075328513612341360
2075416994141417493
2075432818629644671
2075451238871888274
2075493014731112740
2075517464650318153
2075552831755403629
2075575662316749255
2075579932688953783
2075611991230869704
2075631801947800049
2075683059429757181
2075686317984514102
2075748628153675845
2075767693941326295
2075774456837054560
2075785400723935712
2075785818342568177
2075786938326639006
2075794363859235088
2075797065427529769
2075807250141298894
2075810166545453463
2075816392511914464
2075881774375399522
2075895319557243242
2075898789634711940
2075909564990693449
2075944807898263926
2075952076551791099
2075985976208626071
499964793130741761
561086911561736192
931469564323422208
